40000.0 0.1642713 92.28 0.001123595 93.0
16000.0 0.166656 95.85 0.001127048 94.13
6700.0 0.20205 -125.5 0.001343499 -130.85
2700.0 0.212165 13.38 0.001342855 2.29
1100.0 0.2157547 -69.84 0.001214306 -89.84
450.0 0.2398606 -12.68 0.001058831 -47.76
190.0 0.2802801 40.3 0.0008424279 -5.78
76.0 0.3175556 -45.82 0.0005594526 -102.15
31.0 0.3072151 41.08 0.0002854684 -20.77
13.0 0.2904487 -58.35 0.000142817 -120.95
5.1 0.2594498 -116.35 6.448332e-05 -176.48
2.1 0.2314954 -168.22 3.062567e-05 132.26
0.86 0.2122397 -155.5 1.537597e-05 147.32
0.35 0.2117213 -132.23 8.478891e-06 173.09
