40000.0 0.05778616 93.55 0.0003639308 91.0
16000.0 0.05982359 96.2 0.0003623432 92.65
6700.0 0.06208933 -127.04 0.0003609094 -132.55
2700.0 0.06128528 10.56 0.0003400648 2.41
1100.0 0.05844878 -79.01 0.0002946781 -91.06
450.0 0.05978146 -30.25 0.0002645341 -50.15
190.0 0.06347644 19.93 0.0002282466 -8.04
76.0 0.07421463 -62.64 0.0001869526 -104.51
31.0 0.08075 26.38 0.0001243282 -24.33
13.0 0.08216376 -66.99 7.120609e-05 -126.29
5.1 0.07903559 -119.43 3.55659e-05 179.68
2.1 0.07599696 -170.59 1.831287e-05 129.25
0.86 0.07468693 -156.64 9.949052e-06 146.19
0.35 0.07698166 -133.63 5.876381e-06 173.58
