40000.0 0.05562704 95.05 0.0003590448 93.0
16000.0 0.05752705 96.82 0.0003578614 92.92
6700.0 0.05975392 -125.11 0.0003566097 -132.27
2700.0 0.05927078 10.55 0.0003353818 2.64
1100.0 0.05669375 -78.3 0.0002906409 -92.34
450.0 0.05842185 -31.05 0.0002643582 -50.04
190.0 0.06573189 21.92 0.0002414449 -8.64
76.0 0.06958429 -63.32 0.0001780824 -107.63
31.0 0.08015869 27.26 0.0001209077 -26.16
13.0 0.08087382 -67.39 6.769734e-05 -128.11
5.1 0.07641252 -119.65 3.259709e-05 178.42
2.1 0.07605405 -170.96 1.740391e-05 127.65
0.86 0.07441005 -157.0 9.300707e-06 144.72
0.35 0.07682828 -132.71 5.57499e-06 174.09
