40000.0 0.1803604 95.2 0.0003459541 92.82
16000.0 0.1870882 97.11 0.0003447637 93.53
6700.0 0.2031207 -128.23 0.0003612398 -133.76
2700.0 0.2115275 9.47 0.0003588439 2.17
1100.0 0.206352 -80.52 0.0003263273 -91.91
450.0 0.1988787 -32.49 0.0002764146 -49.76
190.0 0.2086085 18.07 0.000240907 -7.4
76.0 0.2230649 -69.28 0.0001952495 -103.41
31.0 0.2486662 24.18 0.0001476398 -21.58
13.0 0.2562316 -67.51 9.313856e-05 -121.59
5.1 0.2389775 -120.04 4.662422e-05 178.77
2.1 0.224818 -170.53 2.337483e-05 126.21
0.86 0.2111623 -156.98 1.093195e-05 138.09
0.35 0.2167096 -133.55 5.543973e-06 160.08
