40000.0 0.06366633 -82.74 0.0003453717 -89.46
16000.0 0.06667914 -82.54 0.0003443811 -87.94
6700.0 0.06924988 54.69 0.0003437024 48.11
2700.0 0.07251864 -169.03 0.0003439754 -176.85
1100.0 0.07821774 101.83 0.0003445106 87.61
450.0 0.08910966 150.75 0.0003408947 128.84
190.0 0.09209038 -159.29 0.0002846268 170.89
76.0 0.09678557 115.98 0.0002049073 70.35
31.0 0.09813936 -155.28 0.0001243442 147.79
13.0 0.08855561 108.44 6.320338e-05 45.77
5.1 0.07916496 57.62 2.776171e-05 -12.98
2.1 0.07690932 7.54 1.341423e-05 -73.89
0.86 0.07527189 22.58 5.32281e-06 -73.01
0.35 0.07684529 47.05 2.130333e-06 -53.7
