40000.0 0.06488494 -82.41 0.0003299921 92.13
16000.0 0.06774301 -81.25 0.0003287086 92.95
6700.0 0.07040565 54.69 0.0003263772 -131.53
2700.0 0.07377423 -168.6 0.0003264609 3.21
1100.0 0.07978948 101.78 0.0003268066 -90.44
450.0 0.08321709 150.58 0.0002977273 -50.07
190.0 0.08797416 -158.92 0.0002543234 -9.89
76.0 0.09487886 114.8 0.0001897601 -108.71
31.0 0.09649033 -157.44 0.0001157598 -31.8
13.0 0.09072673 107.18 6.148562e-05 -133.96
5.1 0.08116579 56.01 2.725792e-05 167.4
2.1 0.07814713 7.46 1.331178e-05 106.21
0.86 0.0760841 21.53 5.416913e-06 101.01
0.35 0.07737011 46.97 1.843171e-06 106.46
