40000.0 0.06951108 -82.02 0.00035309 -87.17
16000.0 0.06553934 -81.59 0.0003147398 -87.27
6700.0 0.06785669 53.5 0.0003133388 48.55
2700.0 0.07089907 -168.57 0.0003136616 -177.27
1100.0 0.07709195 102.07 0.0003154165 88.71
450.0 0.08656253 151.11 0.0003112856 130.0
190.0 0.09317792 -159.42 0.0002784246 169.84
76.0 0.1002902 116.1 0.0002087784 71.78
31.0 0.1001695 -156.08 0.0001250406 148.38
13.0 0.08974853 107.26 6.334922e-05 44.67
5.1 0.08301203 56.36 2.932189e-05 -14.86
2.1 0.07776513 7.2 1.265132e-05 -74.54
0.86 0.07526594 21.51 5.443992e-06 -80.22
0.35 0.07703054 46.45 1.197979e-06 -66.9
