40000.0 0.0643613 -81.54 0.0003311447 -89.06
16000.0 0.06836767 -81.45 0.0003291805 -86.85
6700.0 0.07114074 54.32 0.000328001 47.79
2700.0 0.07426286 -169.15 0.0003276272 -177.16
1100.0 0.08025427 101.28 0.0003278224 89.08
450.0 0.08361705 150.84 0.0002992921 129.61
190.0 0.08965726 -159.32 0.0002587581 169.8
76.0 0.09531359 115.14 0.0001906426 72.18
31.0 0.09649839 -156.94 0.0001164411 149.33
13.0 0.09081059 108.2 6.154578e-05 44.04
5.1 0.08087812 56.81 2.759103e-05 -12.98
2.1 0.07830208 6.99 1.333379e-05 -72.45
0.86 0.07562965 21.78 4.810568e-06 -77.68
0.35 0.07742251 46.54 2.008288e-06 -72.37
